Credit Card Type	Credit Card Number
American Express	378282246310005
American Express	371449635398431
371449635398441
371449635398451
371449635398461
371449635398471
371449635398481
371449635398591
371449635398631
371449635398471
371449635398751
371449635398861
371449635398971
371449635398181
371449635398492
371449635398433
371449635398444
371449635398455
371449635398466
371449635398477
371449635398488
371449635398499
371549635398431
371649635398441
371749635398451
371849635398461
371949635398471
371349635398481
371149635398491

American Express Corporate	378734493671000
Australian BankCard	5610591081018250
Diners Club	30569309025904
Diners Club	38520000023237
Discover	6011111111111117
Discover	6011000990139424
JCB	3530111333300000
JCB	3566002020360505
 
5555555555554444
MasterCard	5555555555554444
5555555555554445
5555555555554446
5555555555554447
5555555555554448
5555555555554449
5555555555554410
5555555555554441
5555555555554421
5555555555554422
5555555555554423
5555555555554424
5555555555554425
5555555555554426
5555555555554427
5555555555554428
5555555555554429
5555555555554430
5555555555554431
5555555555554432
5555555555554433
5555555555554434
5555555555554435
5555555555554436
5555555555554437
5555555555554438
5555555555554439
5555555555554440
5555555555554450
5555555555554451
5555555555554452
5555555555554453
5555555555554454
5555555555554455
5555555555554456
5555555555554457
5555555555554458
5555555555554459
5555555555554460



MasterCard	5105105105105100
Visa	4111111111111111
Visa	4012888888881881
4012888888881882
4012888888881883
4012888888881884
4012888888881885
4012888888881886

Visa	4222222222222
4617858100116639
4617858100116639
4201940073742120
4201940072409671
4284160002933381
6019003004168985
4096750145177561
4726473830024711
4140094042132270
4140094042132270
4645831101564673
5243250303972290
4377001002139918
5520422020212723
5520422020212724
5520422020212725
5520422020212722



Credit Card Type	Credit Card Number
American Express	378 2822 4631 0005
American Express	3714 4963 5398 431
American Express Corporate	3787 3449 3671 000
Australian BankCard	5610 5910 8101 8250
Diners Club	3056 9309 0259 04
Diners Club	3852 0000 0232 37
Discover	6011 1111 1111 1117
Discover	6011 0009 9013 9424
JCB	3530 1113 3330 0000
JCB	3566 0020 2036 0505
MasterCard	5555 5555 5555 4444
MasterCard	5105 1051 0510 5100
Visa	4111 1111 1111 1111
4112 1111 1111 1111
4113 1111 1111 1111
4114 1111 1111 1111
4115 1111 1111 1111
4115 1111 1111 1112
4115 1111 1111 1113
4115 1111 1111 1114
4115 1111 1111 1115
4115 1111 1111 1116

Visa	4012 8888 8888 1881
Visa	4222 2222 2222 2
